Potential/V	Current/A

0.000	1.147e-6
0.001	2.432e-7
0.002	-3.047e-7
0.003	-6.427e-7
0.004	-8.958e-7
0.005	-1.080e-6
0.006	-1.241e-6
0.007	-1.373e-6
0.008	-1.480e-6
0.009	-1.596e-6
0.010	-1.677e-6
0.011	-1.756e-6
0.012	-1.835e-6
0.013	-1.897e-6
0.014	-1.969e-6
0.015	-2.026e-6
0.016	-2.075e-6
0.017	-2.131e-6
0.018	-2.175e-6
0.019	-2.226e-6
0.020	-2.270e-6
0.021	-2.306e-6
0.022	-2.350e-6
0.023	-2.387e-6
0.024	-2.425e-6
0.025	-2.462e-6
0.026	-2.495e-6
0.027	-2.531e-6
0.028	-2.561e-6
0.029	-2.593e-6
0.030	-2.625e-6
0.031	-2.653e-6
0.032	-2.681e-6
0.033	-2.708e-6
0.034	-2.737e-6
0.035	-2.761e-6
0.036	-2.789e-6
0.037	-2.810e-6
0.038	-2.834e-6
0.039	-2.868e-6
0.040	-2.882e-6
0.041	-2.909e-6
0.042	-2.931e-6
0.043	-2.951e-6
0.044	-2.984e-6
0.045	-2.996e-6
0.046	-3.018e-6
0.047	-3.042e-6
0.048	-3.054e-6
0.049	-3.086e-6
0.050	-3.100e-6
0.051	-3.125e-6
0.052	-3.146e-6
0.053	-3.159e-6
0.054	-3.186e-6
0.055	-3.204e-6
0.056	-3.215e-6
0.057	-3.239e-6
0.058	-3.247e-6
0.059	-3.273e-6
0.060	-3.293e-6
0.061	-3.304e-6
0.062	-3.326e-6
0.063	-3.339e-6
0.064	-3.359e-6
0.065	-3.377e-6
0.066	-3.386e-6
0.067	-3.410e-6
0.068	-3.424e-6
0.069	-3.438e-6
0.070	-3.455e-6
0.071	-3.470e-6
0.072	-3.486e-6
0.073	-3.499e-6
0.074	-3.519e-6
0.075	-3.528e-6
0.076	-3.548e-6
0.077	-3.560e-6
0.078	-3.571e-6
0.079	-3.593e-6
0.080	-3.603e-6
0.081	-3.617e-6
0.082	-3.629e-6
0.083	-3.635e-6
0.084	-3.660e-6
0.085	-3.663e-6
0.086	-3.679e-6
0.087	-3.692e-6
0.088	-3.696e-6
0.089	-3.716e-6
0.090	-3.722e-6
0.091	-3.731e-6
0.092	-3.742e-6
0.093	-3.747e-6
0.094	-3.763e-6
0.095	-3.770e-6
0.096	-3.777e-6
0.097	-3.790e-6
0.098	-3.793e-6
0.099	-3.813e-6
0.100	-3.822e-6
0.101	-3.827e-6
0.102	-3.844e-6
0.103	-3.851e-6
0.104	-3.865e-6
0.105	-3.876e-6
0.106	-3.882e-6
0.107	-3.893e-6
0.108	-3.903e-6
0.109	-3.910e-6
0.110	-3.921e-6
0.111	-3.933e-6
0.112	-3.939e-6
0.113	-3.947e-6
0.114	-3.958e-6
0.115	-3.969e-6
0.116	-3.979e-6
0.117	-3.983e-6
0.118	-3.990e-6
0.119	-4.007e-6
0.120	-4.007e-6
0.121	-4.019e-6
0.122	-4.028e-6
0.123	-4.031e-6
0.124	-4.050e-6
0.125	-4.052e-6
0.126	-4.063e-6
0.127	-4.072e-6
0.128	-4.073e-6
0.129	-4.095e-6
0.130	-4.094e-6
0.131	-4.104e-6
0.132	-4.116e-6
0.133	-4.115e-6
0.134	-4.129e-6
0.135	-4.136e-6
0.136	-4.140e-6
0.137	-4.154e-6
0.138	-4.155e-6
0.139	-4.169e-6
0.140	-4.178e-6
0.141	-4.180e-6
0.142	-4.194e-6
0.143	-4.198e-6
0.144	-4.209e-6
0.145	-4.215e-6
0.146	-4.219e-6
0.147	-4.229e-6
0.148	-4.238e-6
0.149	-4.245e-6
0.150	-4.253e-6
0.151	-4.261e-6
0.152	-4.268e-6
0.153	-4.277e-6
0.154	-4.290e-6
0.155	-4.292e-6
0.156	-4.303e-6
0.157	-4.310e-6
0.158	-4.315e-6
0.159	-4.324e-6
0.160	-4.329e-6
0.161	-4.338e-6
0.162	-4.343e-6
0.163	-4.352e-6
0.164	-4.365e-6
0.165	-4.363e-6
0.166	-4.377e-6
0.167	-4.388e-6
0.168	-4.387e-6
0.169	-4.406e-6
0.170	-4.406e-6
0.171	-4.412e-6
0.172	-4.427e-6
0.173	-4.424e-6
0.174	-4.444e-6
0.175	-4.445e-6
0.176	-4.450e-6
0.177	-4.465e-6
0.178	-4.466e-6
0.179	-4.481e-6
0.180	-4.489e-6
0.181	-4.492e-6
0.182	-4.507e-6
0.183	-4.509e-6
0.184	-4.517e-6
0.185	-4.526e-6
0.186	-4.530e-6
0.187	-4.543e-6
0.188	-4.548e-6
0.189	-4.556e-6
0.190	-4.565e-6
0.191	-4.572e-6
0.192	-4.580e-6
0.193	-4.586e-6
0.194	-4.597e-6
0.195	-4.605e-6
0.196	-4.615e-6
0.197	-4.620e-6
0.198	-4.626e-6
0.199	-4.639e-6
0.200	-4.641e-6
0.201	-4.653e-6
0.202	-4.660e-6
0.203	-4.663e-6
0.204	-4.681e-6
0.205	-4.692e-6
0.206	-4.700e-6
0.207	-4.710e-6
0.208	-4.706e-6
0.209	-4.724e-6
0.210	-4.725e-6
0.211	-4.730e-6
0.212	-4.746e-6
0.213	-4.744e-6
0.214	-4.760e-6
0.215	-4.766e-6
0.216	-4.767e-6
0.217	-4.784e-6
0.218	-4.783e-6
0.219	-4.799e-6
0.220	-4.806e-6
0.221	-4.808e-6
0.222	-4.822e-6
0.223	-4.824e-6
0.224	-4.833e-6
0.225	-4.843e-6
0.226	-4.848e-6
0.227	-4.860e-6
0.228	-4.866e-6
0.229	-4.873e-6
0.230	-4.883e-6
0.231	-4.892e-6
0.232	-4.899e-6
0.233	-4.905e-6
0.234	-4.914e-6
0.235	-4.919e-6
0.236	-4.929e-6
0.237	-4.936e-6
0.238	-4.941e-6
0.239	-4.952e-6
0.240	-4.955e-6
0.241	-4.964e-6
0.242	-4.973e-6
0.243	-4.977e-6
0.244	-4.990e-6
0.245	-4.992e-6
0.246	-5.001e-6
0.247	-5.012e-6
0.248	-5.008e-6
0.249	-5.026e-6
0.250	-5.026e-6
0.251	-5.031e-6
0.252	-5.049e-6
0.253	-5.046e-6
0.254	-5.060e-6
0.255	-5.067e-6
0.256	-5.073e-6
0.257	-5.085e-6
0.258	-5.084e-6
0.259	-5.094e-6
0.260	-5.104e-6
0.261	-5.103e-6
0.262	-5.115e-6
0.263	-5.115e-6
0.264	-5.128e-6
0.265	-5.134e-6
0.266	-5.136e-6
0.267	-5.146e-6
0.268	-5.150e-6
0.269	-5.161e-6
0.270	-5.167e-6
0.271	-5.171e-6
0.272	-5.176e-6
0.273	-5.185e-6
0.274	-5.189e-6
0.275	-5.194e-6
0.276	-5.203e-6
0.277	-5.209e-6
0.278	-5.213e-6
0.279	-5.226e-6
0.280	-5.224e-6
0.281	-5.234e-6
0.282	-5.244e-6
0.283	-5.243e-6
0.284	-5.258e-6
0.285	-5.256e-6
0.286	-5.266e-6
0.287	-5.272e-6
0.288	-5.269e-6
0.289	-5.288e-6
0.290	-5.291e-6
0.291	-5.293e-6
0.292	-5.305e-6
0.293	-5.301e-6
0.294	-5.317e-6
0.295	-5.321e-6
0.296	-5.324e-6
0.297	-5.338e-6
0.298	-5.335e-6
0.299	-5.347e-6
0.300	-5.356e-6
0.301	-5.356e-6
0.302	-5.370e-6
0.303	-5.375e-6
0.304	-5.380e-6
0.305	-5.391e-6
0.306	-5.397e-6
0.307	-5.408e-6
0.308	-5.416e-6
0.309	-5.424e-6
0.310	-5.433e-6
0.311	-5.441e-6
0.312	-5.447e-6
0.313	-5.454e-6
0.314	-5.463e-6
0.315	-5.475e-6
0.316	-5.488e-6
0.317	-5.496e-6
0.318	-5.504e-6
0.319	-5.522e-6
0.320	-5.528e-6
0.321	-5.544e-6
0.322	-5.554e-6
0.323	-5.562e-6
0.324	-5.586e-6
0.325	-5.588e-6
0.326	-5.604e-6
0.327	-5.624e-6
0.328	-5.632e-6
0.329	-5.659e-6
0.330	-5.671e-6
0.331	-5.691e-6
0.332	-5.716e-6
0.333	-5.727e-6
0.334	-5.760e-6
0.335	-5.782e-6
0.336	-5.802e-6
0.337	-5.834e-6
0.338	-5.858e-6
0.339	-5.890e-6
0.340	-5.924e-6
0.341	-5.952e-6
0.342	-5.993e-6
0.343	-6.026e-6
0.344	-6.067e-6
0.345	-6.112e-6
0.346	-6.155e-6
0.347	-6.205e-6
0.348	-6.258e-6
0.349	-6.311e-6
0.350	-6.371e-6
0.351	-6.431e-6
0.352	-6.497e-6
0.353	-6.568e-6
0.354	-6.645e-6
0.355	-6.722e-6
0.356	-6.815e-6
0.357	-6.902e-6
0.358	-6.998e-6
0.359	-7.114e-6
0.360	-7.215e-6
0.361	-7.340e-6
0.362	-7.467e-6
0.363	-7.607e-6
0.364	-7.764e-6
0.365	-7.904e-6
0.366	-8.074e-6
0.367	-8.253e-6
0.368	-8.429e-6
0.369	-8.644e-6
0.370	-8.840e-6
0.371	-9.067e-6
0.372	-9.322e-6
0.373	-9.563e-6
0.374	-9.851e-6
0.375	-1.014e-5
0.376	-1.044e-5
0.377	-1.077e-5
0.378	-1.110e-5
0.379	-1.150e-5
0.380	-1.190e-5
0.381	-1.232e-5
0.382	-1.278e-5
0.383	-1.326e-5
0.384	-1.376e-5
0.385	-1.431e-5
0.386	-1.488e-5
0.387	-1.551e-5
0.388	-1.616e-5
0.389	-1.685e-5
0.390	-1.755e-5
0.391	-1.831e-5
0.392	-1.912e-5
0.393	-1.995e-5
0.394	-2.087e-5
0.395	-2.180e-5
0.396	-2.280e-5
0.397	-2.386e-5
0.398	-2.495e-5
0.399	-2.611e-5
0.400	-2.730e-5
0.401	-2.857e-5
0.402	-2.987e-5
0.403	-3.124e-5
0.404	-3.270e-5
0.405	-3.414e-5
0.406	-3.570e-5
0.407	-3.729e-5
0.408	-3.893e-5
0.409	-4.067e-5
0.410	-4.247e-5
0.411	-4.430e-5
0.412	-4.616e-5
0.413	-4.802e-5
0.414	-5.000e-5
0.415	-5.191e-5
0.416	-5.394e-5
0.417	-5.598e-5
0.418	-5.800e-5
0.419	-6.012e-5
0.420	-6.219e-5
0.421	-6.428e-5
0.422	-6.638e-5
0.423	-6.842e-5
0.424	-7.049e-5
0.425	-7.253e-5
0.426	-7.451e-5
0.427	-7.645e-5
0.428	-7.835e-5
0.429	-8.019e-5
0.430	-8.194e-5
0.431	-8.361e-5
0.432	-8.519e-5
0.433	-8.673e-5
0.434	-8.814e-5
0.435	-8.942e-5
0.436	-9.065e-5
0.437	-9.170e-5
0.438	-9.266e-5
0.439	-9.353e-5
0.440	-9.421e-5
0.441	-9.483e-5
0.442	-9.526e-5
0.443	-9.560e-5
0.444	-9.584e-5
0.445	-9.589e-5
0.446	-9.591e-5
0.447	-9.576e-5
0.448	-9.551e-5
0.449	-9.524e-5
0.450	-9.476e-5
0.451	-9.426e-5
0.452	-9.368e-5
0.453	-9.296e-5
0.454	-9.228e-5
0.455	-9.146e-5
0.456	-9.063e-5
0.457	-8.976e-5
0.458	-8.884e-5
0.459	-8.793e-5
0.460	-8.695e-5
0.461	-8.595e-5
0.462	-8.497e-5
0.463	-8.395e-5
0.464	-8.296e-5
0.465	-8.195e-5
0.466	-8.094e-5
0.467	-7.994e-5
0.468	-7.894e-5
0.469	-7.796e-5
0.470	-7.698e-5
0.471	-7.602e-5
0.472	-7.507e-5
0.473	-7.415e-5
0.474	-7.325e-5
0.475	-7.235e-5
0.476	-7.149e-5
0.477	-7.062e-5
0.478	-6.978e-5
0.479	-6.898e-5
0.480	-6.817e-5
0.481	-6.740e-5
0.482	-6.666e-5
0.483	-6.592e-5
0.484	-6.523e-5
0.485	-6.451e-5
0.486	-6.384e-5
0.487	-6.318e-5
0.488	-6.251e-5
0.489	-6.189e-5
0.490	-6.128e-5
0.491	-6.068e-5
0.492	-6.011e-5
0.493	-5.953e-5
0.494	-5.900e-5
0.495	-5.847e-5
0.496	-5.794e-5
0.497	-5.744e-5
0.498	-5.694e-5
0.499	-5.647e-5
0.500	-5.600e-5
0.501	-5.554e-5
0.502	-5.511e-5
0.503	-5.466e-5
0.504	-5.423e-5
0.505	-5.382e-5
0.506	-5.342e-5
0.507	-5.303e-5
0.508	-5.265e-5
0.509	-5.228e-5
0.510	-5.191e-5
0.511	-5.156e-5
0.512	-5.121e-5
0.513	-5.089e-5
0.514	-5.057e-5
0.515	-5.024e-5
0.516	-4.993e-5
0.517	-4.961e-5
0.518	-4.931e-5
0.519	-4.902e-5
0.520	-4.872e-5
0.521	-4.844e-5
0.522	-4.817e-5
0.523	-4.789e-5
0.524	-4.763e-5
0.525	-4.737e-5
0.526	-4.711e-5
0.527	-4.685e-5
0.528	-4.659e-5
0.529	-4.636e-5
0.530	-4.612e-5
0.531	-4.588e-5
0.532	-4.566e-5
0.533	-4.543e-5
0.534	-4.522e-5
0.535	-4.501e-5
0.536	-4.479e-5
0.537	-4.459e-5
0.538	-4.438e-5
0.539	-4.418e-5
0.540	-4.399e-5
0.541	-4.379e-5
0.542	-4.360e-5
0.543	-4.341e-5
0.544	-4.322e-5
0.545	-4.305e-5
0.546	-4.286e-5
0.547	-4.269e-5
0.548	-4.252e-5
0.549	-4.234e-5
0.550	-4.218e-5
0.551	-4.201e-5
0.552	-4.185e-5
0.553	-4.169e-5
0.554	-4.153e-5
0.555	-4.138e-5
0.556	-4.123e-5
0.557	-4.107e-5
0.558	-4.092e-5
0.559	-4.078e-5
0.560	-4.063e-5
0.561	-4.049e-5
0.562	-4.035e-5
0.563	-4.020e-5
0.564	-4.008e-5
0.565	-3.993e-5
0.566	-3.980e-5
0.567	-3.967e-5
0.568	-3.953e-5
0.569	-3.941e-5
0.570	-3.928e-5
0.571	-3.915e-5
0.572	-3.903e-5
0.573	-3.889e-5
0.574	-3.877e-5
0.575	-3.866e-5
0.576	-3.853e-5
0.577	-3.842e-5
0.578	-3.830e-5
0.579	-3.819e-5
0.580	-3.808e-5
0.581	-3.796e-5
0.582	-3.785e-5
0.583	-3.774e-5
0.584	-3.763e-5
0.585	-3.752e-5
0.586	-3.741e-5
0.587	-3.732e-5
0.588	-3.722e-5
0.589	-3.712e-5
0.590	-3.702e-5
0.591	-3.692e-5
0.592	-3.681e-5
0.593	-3.672e-5
0.594	-3.662e-5
0.595	-3.653e-5
0.596	-3.643e-5
0.597	-3.634e-5
0.598	-3.624e-5
0.599	-3.616e-5
0.600	-3.606e-5
0.601	-3.598e-5
0.602	-3.589e-5
0.603	-3.579e-5
0.604	-3.572e-5
0.605	-3.563e-5
0.606	-3.554e-5
0.607	-3.546e-5
0.608	-3.537e-5
0.609	-3.529e-5
0.610	-3.521e-5
0.611	-3.513e-5
0.612	-3.507e-5
0.613	-3.498e-5
0.614	-3.492e-5
0.615	-3.484e-5
0.616	-3.476e-5
0.617	-3.468e-5
0.618	-3.460e-5
0.619	-3.453e-5
0.620	-3.446e-5
0.621	-3.438e-5
0.622	-3.431e-5
0.623	-3.424e-5
0.624	-3.417e-5
0.625	-3.410e-5
0.626	-3.403e-5
0.627	-3.396e-5
0.628	-3.389e-5
0.629	-3.382e-5
0.630	-3.376e-5
0.631	-3.369e-5
0.632	-3.363e-5
0.633	-3.356e-5
0.634	-3.350e-5
0.635	-3.343e-5
0.636	-3.337e-5
0.637	-3.331e-5
0.638	-3.325e-5
0.639	-3.319e-5
0.640	-3.313e-5
0.641	-3.307e-5
0.642	-3.302e-5
0.643	-3.295e-5
0.644	-3.290e-5
0.645	-3.283e-5
0.646	-3.278e-5
0.647	-3.273e-5
0.648	-3.266e-5
0.649	-3.261e-5
0.650	-3.256e-5
0.651	-3.250e-5
0.652	-3.245e-5
0.653	-3.239e-5
0.654	-3.235e-5
0.655	-3.230e-5
0.656	-3.224e-5
0.657	-3.219e-5
0.658	-3.213e-5
0.659	-3.209e-5
0.660	-3.205e-5
0.661	-3.199e-5
0.662	-3.194e-5
0.663	-3.189e-5
0.664	-3.185e-5
0.665	-3.181e-5
0.666	-3.176e-5
0.667	-3.172e-5
0.668	-3.167e-5
0.669	-3.162e-5
0.670	-3.158e-5
0.671	-3.153e-5
0.672	-3.149e-5
0.673	-3.145e-5
0.674	-3.141e-5
0.675	-3.137e-5
0.676	-3.133e-5
0.677	-3.129e-5
0.678	-3.125e-5
0.679	-3.121e-5
0.680	-3.117e-5
0.681	-3.113e-5
0.682	-3.109e-5
0.683	-3.105e-5
0.684	-3.102e-5
0.685	-3.098e-5
0.686	-3.095e-5
0.687	-3.092e-5
0.688	-3.088e-5
0.689	-3.086e-5
0.690	-3.082e-5
0.691	-3.079e-5
0.692	-3.077e-5
0.693	-3.073e-5
0.694	-3.071e-5
0.695	-3.069e-5
0.696	-3.065e-5
0.697	-3.063e-5
0.698	-3.060e-5
0.699	-3.058e-5
0.700	-3.056e-5
0.701	-3.053e-5
0.702	-3.052e-5
0.703	-3.049e-5
0.704	-3.048e-5
0.705	-3.046e-5
0.706	-3.044e-5
0.707	-3.043e-5
0.708	-3.041e-5
0.709	-3.039e-5
0.710	-3.038e-5
0.711	-3.036e-5
0.712	-3.035e-5
0.713	-3.034e-5
0.714	-3.033e-5
0.715	-3.032e-5
0.716	-3.030e-5
0.717	-3.029e-5
0.718	-3.028e-5
0.719	-3.028e-5
0.720	-3.026e-5
0.721	-3.025e-5
0.722	-3.024e-5
0.723	-3.023e-5
0.724	-3.022e-5
0.725	-3.021e-5
0.726	-3.019e-5
0.727	-3.019e-5
0.728	-3.017e-5
0.729	-3.016e-5
0.730	-3.015e-5
0.731	-3.013e-5
0.732	-3.012e-5
0.733	-3.010e-5
0.734	-3.008e-5
0.735	-3.007e-5
0.736	-3.004e-5
0.737	-3.002e-5
0.738	-2.999e-5
0.739	-2.997e-5
0.740	-2.995e-5
0.741	-2.991e-5
0.742	-2.989e-5
0.743	-2.986e-5
0.744	-2.983e-5
0.745	-2.980e-5
0.746	-2.976e-5
0.747	-2.973e-5
0.748	-2.969e-5
0.749	-2.965e-5
0.750	-2.961e-5
0.751	-2.957e-5
0.752	-2.953e-5
0.753	-2.949e-5
0.754	-2.944e-5
0.755	-2.940e-5
0.756	-2.936e-5
0.757	-2.931e-5
0.758	-2.927e-5
0.759	-2.923e-5
0.760	-2.918e-5
0.761	-2.914e-5
0.762	-2.909e-5
0.763	-2.905e-5
0.764	-2.901e-5
0.765	-2.896e-5
0.766	-2.892e-5
0.767	-2.888e-5
0.768	-2.883e-5
0.769	-2.880e-5
0.770	-2.875e-5
0.771	-2.871e-5
0.772	-2.868e-5
0.773	-2.864e-5
0.774	-2.860e-5
0.775	-2.856e-5
0.776	-2.853e-5
0.777	-2.850e-5
0.778	-2.846e-5
0.779	-2.843e-5
0.780	-2.840e-5
0.781	-2.836e-5
0.782	-2.834e-5
0.783	-2.831e-5
0.784	-2.827e-5
0.785	-2.825e-5
0.786	-2.822e-5
0.787	-2.819e-5
0.788	-2.817e-5
0.789	-2.814e-5
0.790	-2.811e-5
0.791	-2.809e-5
0.792	-2.807e-5
0.793	-2.804e-5
0.794	-2.802e-5
0.795	-2.800e-5
0.796	-2.797e-5
0.797	-2.795e-5
0.798	-2.793e-5
0.799	-2.791e-5
0.800	-2.788e-5
0.801	-2.786e-5
0.802	-2.785e-5
0.803	-2.782e-5
0.804	-2.781e-5
0.805	-2.778e-5
0.806	-2.776e-5
0.807	-2.775e-5
0.808	-2.773e-5
0.809	-2.772e-5
0.810	-2.770e-5
0.811	-2.767e-5
0.812	-2.766e-5
0.813	-2.764e-5
0.814	-2.762e-5
0.815	-2.761e-5
0.816	-2.758e-5
0.817	-2.758e-5
0.818	-2.755e-5
0.819	-2.756e-5
0.820	-2.755e-5
0.821	-2.751e-5
0.822	-2.750e-5
0.823	-2.748e-5
0.824	-2.746e-5
0.825	-2.746e-5
0.826	-2.743e-5
0.827	-2.743e-5
0.828	-2.741e-5
0.829	-2.739e-5
0.830	-2.738e-5
0.831	-2.736e-5
0.832	-2.735e-5
0.833	-2.734e-5
0.834	-2.732e-5
0.835	-2.731e-5
0.836	-2.730e-5
0.837	-2.728e-5
0.838	-2.727e-5
0.839	-2.726e-5
0.840	-2.724e-5
0.841	-2.723e-5
0.842	-2.722e-5
0.843	-2.720e-5
0.844	-2.720e-5
0.845	-2.718e-5
0.846	-2.717e-5
0.847	-2.716e-5
0.848	-2.714e-5
0.849	-2.714e-5
0.850	-2.713e-5
0.851	-2.711e-5
0.852	-2.711e-5
0.853	-2.709e-5
0.854	-2.708e-5
0.855	-2.707e-5
0.856	-2.705e-5
0.857	-2.705e-5
0.858	-2.704e-5
0.859	-2.703e-5
0.860	-2.702e-5
0.861	-2.700e-5
0.862	-2.700e-5
0.863	-2.699e-5
0.864	-2.698e-5
0.865	-2.697e-5
0.866	-2.696e-5
0.867	-2.695e-5
0.868	-2.695e-5
0.869	-2.693e-5
0.870	-2.693e-5
0.871	-2.692e-5
0.872	-2.691e-5
0.873	-2.690e-5
0.874	-2.689e-5
0.875	-2.688e-5
0.876	-2.687e-5
0.877	-2.687e-5
0.878	-2.685e-5
0.879	-2.685e-5
0.880	-2.684e-5
0.881	-2.683e-5
0.882	-2.683e-5
0.883	-2.682e-5
0.884	-2.681e-5
0.885	-2.680e-5
0.886	-2.679e-5
0.887	-2.680e-5
0.888	-2.678e-5
0.889	-2.678e-5
0.890	-2.677e-5
0.891	-2.676e-5
0.892	-2.676e-5
0.893	-2.675e-5
0.894	-2.675e-5
0.895	-2.674e-5
0.896	-2.673e-5
0.897	-2.674e-5
0.898	-2.672e-5
0.899	-2.672e-5
0.900	-2.672e-5
0.901	-2.670e-5
0.902	-2.671e-5
0.903	-2.670e-5
0.904	-2.669e-5
0.905	-2.670e-5
0.906	-2.669e-5
0.907	-2.668e-5
0.908	-2.668e-5
0.909	-2.667e-5
0.910	-2.667e-5
0.911	-2.667e-5
0.912	-2.667e-5
0.913	-2.666e-5
0.914	-2.666e-5
0.915	-2.666e-5
0.916	-2.665e-5
0.917	-2.665e-5
0.918	-2.665e-5
0.919	-2.665e-5
0.920	-2.665e-5
0.921	-2.665e-5
0.922	-2.665e-5
0.923	-2.664e-5
0.924	-2.665e-5
0.925	-2.664e-5
0.926	-2.664e-5
0.927	-2.665e-5
0.928	-2.664e-5
0.929	-2.664e-5
0.930	-2.664e-5
0.931	-2.664e-5
0.932	-2.665e-5
0.933	-2.664e-5
0.934	-2.665e-5
0.935	-2.665e-5
0.936	-2.664e-5
0.937	-2.666e-5
0.938	-2.665e-5
0.939	-2.666e-5
0.940	-2.666e-5
0.941	-2.666e-5
0.942	-2.667e-5
0.943	-2.667e-5
0.944	-2.667e-5
0.945	-2.668e-5
0.946	-2.667e-5
0.947	-2.668e-5
0.948	-2.668e-5
0.949	-2.669e-5
0.950	-2.669e-5
0.951	-2.669e-5
0.952	-2.670e-5
0.953	-2.670e-5
0.954	-2.671e-5
0.955	-2.671e-5
0.956	-2.671e-5
0.957	-2.672e-5
0.958	-2.672e-5
0.959	-2.672e-5
0.960	-2.673e-5
0.961	-2.673e-5
0.962	-2.674e-5
0.963	-2.673e-5
0.964	-2.674e-5
0.965	-2.674e-5
0.966	-2.674e-5
0.967	-2.674e-5
0.968	-2.674e-5
0.969	-2.674e-5
0.970	-2.674e-5
0.971	-2.674e-5
0.972	-2.674e-5
0.973	-2.674e-5
0.974	-2.674e-5
0.975	-2.674e-5
0.976	-2.672e-5
0.977	-2.673e-5
0.978	-2.672e-5
0.979	-2.671e-5
0.980	-2.671e-5
0.981	-2.669e-5
0.982	-2.669e-5
0.983	-2.668e-5
0.984	-2.667e-5
0.985	-2.666e-5
0.986	-2.664e-5
0.987	-2.664e-5
0.988	-2.662e-5
0.989	-2.661e-5
0.990	-2.659e-5
0.991	-2.658e-5
0.992	-2.656e-5
0.993	-2.654e-5
0.994	-2.652e-5
0.995	-2.651e-5
0.996	-2.649e-5
0.997	-2.647e-5
0.998	-2.645e-5
0.999	-2.643e-5
1.000	-2.641e-5
1.001	-2.639e-5
1.002	-2.638e-5
1.003	-2.635e-5
1.004	-2.634e-5
1.005	-2.632e-5
1.006	-2.629e-5
1.007	-2.628e-5
1.008	-2.625e-5
1.009	-2.624e-5
1.010	-2.622e-5
1.011	-2.619e-5
1.012	-2.618e-5
1.013	-2.616e-5
1.014	-2.614e-5
1.015	-2.613e-5
1.016	-2.610e-5
1.017	-2.609e-5
1.018	-2.607e-5
1.019	-2.605e-5
1.020	-2.605e-5
1.021	-2.602e-5
1.022	-2.602e-5
1.023	-2.601e-5
1.024	-2.600e-5
1.025	-2.599e-5
1.026	-2.597e-5
1.027	-2.597e-5
1.028	-2.596e-5
1.029	-2.595e-5
1.030	-2.594e-5
1.031	-2.593e-5
1.032	-2.593e-5
1.033	-2.592e-5
1.034	-2.591e-5
1.035	-2.591e-5
1.036	-2.590e-5
1.037	-2.590e-5
1.038	-2.590e-5
1.039	-2.590e-5
1.040	-2.589e-5
1.041	-2.589e-5
1.042	-2.589e-5
1.043	-2.589e-5
1.044	-2.589e-5
1.045	-2.589e-5
1.046	-2.589e-5
1.047	-2.590e-5
1.048	-2.589e-5
1.049	-2.590e-5
1.050	-2.590e-5
1.051	-2.589e-5
1.052	-2.591e-5
1.053	-2.590e-5
1.054	-2.591e-5
1.055	-2.591e-5
1.056	-2.590e-5
1.057	-2.592e-5
1.058	-2.592e-5
1.059	-2.592e-5
1.060	-2.593e-5
1.061	-2.592e-5
1.062	-2.595e-5
1.063	-2.595e-5
1.064	-2.595e-5
1.065	-2.596e-5
1.066	-2.596e-5
1.067	-2.597e-5
1.068	-2.597e-5
1.069	-2.598e-5
1.070	-2.599e-5
1.071	-2.599e-5
1.072	-2.600e-5
1.073	-2.601e-5
1.074	-2.601e-5
1.075	-2.603e-5
1.076	-2.603e-5
1.077	-2.604e-5
1.078	-2.605e-5
1.079	-2.606e-5
1.080	-2.606e-5
1.081	-2.607e-5
1.082	-2.608e-5
1.083	-2.609e-5
1.084	-2.611e-5
1.085	-2.611e-5
1.086	-2.612e-5
1.087	-2.614e-5
1.088	-2.614e-5
1.089	-2.616e-5
1.090	-2.616e-5
1.091	-2.617e-5
1.092	-2.619e-5
1.093	-2.619e-5
1.094	-2.621e-5
1.095	-2.622e-5
1.096	-2.622e-5
1.097	-2.624e-5
1.098	-2.625e-5
1.099	-2.626e-5
1.100	-2.628e-5
1.101	-2.628e-5
1.102	-2.630e-5
1.103	-2.631e-5
1.104	-2.632e-5
1.105	-2.634e-5
1.106	-2.634e-5
1.107	-2.636e-5
1.108	-2.638e-5
1.109	-2.638e-5
1.110	-2.640e-5
1.111	-2.641e-5
1.112	-2.643e-5
1.113	-2.644e-5
1.114	-2.646e-5
1.115	-2.647e-5
1.116	-2.649e-5
1.117	-2.650e-5
1.118	-2.651e-5
1.119	-2.653e-5
1.120	-2.654e-5
1.121	-2.656e-5
1.122	-2.658e-5
1.123	-2.659e-5
1.124	-2.661e-5
1.125	-2.663e-5
1.126	-2.664e-5
1.127	-2.667e-5
1.128	-2.667e-5
1.129	-2.670e-5
1.130	-2.671e-5
1.131	-2.673e-5
1.132	-2.675e-5
1.133	-2.676e-5
1.134	-2.679e-5
1.135	-2.681e-5
1.136	-2.681e-5
1.137	-2.685e-5
1.138	-2.686e-5
1.139	-2.688e-5
1.140	-2.691e-5
1.141	-2.691e-5
1.142	-2.694e-5
1.143	-2.696e-5
1.144	-2.698e-5
1.145	-2.700e-5
1.146	-2.702e-5
1.147	-2.704e-5
1.148	-2.706e-5
1.149	-2.708e-5
1.150	-2.711e-5
1.151	-2.713e-5
1.152	-2.716e-5
1.153	-2.718e-5
1.154	-2.720e-5
1.155	-2.723e-5
1.156	-2.725e-5
1.157	-2.727e-5
1.158	-2.729e-5
1.159	-2.732e-5
1.160	-2.734e-5
1.161	-2.736e-5
1.162	-2.740e-5
1.163	-2.741e-5
1.164	-2.745e-5
1.165	-2.747e-5
1.166	-2.749e-5
1.167	-2.753e-5
1.168	-2.755e-5
1.169	-2.758e-5
1.170	-2.761e-5
1.171	-2.763e-5
1.172	-2.767e-5
1.173	-2.769e-5
1.174	-2.772e-5
1.175	-2.775e-5
1.176	-2.777e-5
1.177	-2.781e-5
1.178	-2.784e-5
1.179	-2.787e-5
1.180	-2.791e-5
1.181	-2.793e-5
1.182	-2.797e-5
1.183	-2.800e-5
1.184	-2.803e-5
1.185	-2.807e-5
1.186	-2.810e-5
1.187	-2.813e-5
1.188	-2.817e-5
1.189	-2.820e-5
1.190	-2.824e-5
1.191	-2.827e-5
1.192	-2.831e-5
1.193	-2.835e-5
1.194	-2.838e-5
1.195	-2.842e-5
1.196	-2.845e-5
1.197	-2.849e-5
1.198	-2.853e-5
1.199	-2.857e-5
1.200	-2.787e-5
1.199	-2.605e-5
1.198	-2.511e-5
1.197	-2.447e-5
1.196	-2.395e-5
1.195	-2.353e-5
1.194	-2.311e-5
1.193	-2.275e-5
1.192	-2.242e-5
1.191	-2.210e-5
1.190	-2.182e-5
1.189	-2.153e-5
1.188	-2.128e-5
1.187	-2.103e-5
1.186	-2.080e-5
1.185	-2.057e-5
1.184	-2.036e-5
1.183	-2.015e-5
1.182	-1.996e-5
1.181	-1.976e-5
1.180	-1.958e-5
1.179	-1.941e-5
1.178	-1.927e-5
1.177	-1.910e-5
1.176	-1.895e-5
1.175	-1.879e-5
1.174	-1.865e-5
1.173	-1.851e-5
1.172	-1.837e-5
1.171	-1.825e-5
1.170	-1.812e-5
1.169	-1.799e-5
1.168	-1.788e-5
1.167	-1.775e-5
1.166	-1.765e-5
1.165	-1.754e-5
1.164	-1.742e-5
1.163	-1.733e-5
1.162	-1.722e-5
1.161	-1.713e-5
1.160	-1.704e-5
1.159	-1.693e-5
1.158	-1.686e-5
1.157	-1.676e-5
1.156	-1.668e-5
1.155	-1.660e-5
1.154	-1.650e-5
1.153	-1.644e-5
1.152	-1.635e-5
1.151	-1.628e-5
1.150	-1.621e-5
1.149	-1.613e-5
1.148	-1.606e-5
1.147	-1.599e-5
1.146	-1.592e-5
1.145	-1.586e-5
1.144	-1.579e-5
1.143	-1.573e-5
1.142	-1.567e-5
1.141	-1.560e-5
1.140	-1.554e-5
1.139	-1.548e-5
1.138	-1.543e-5
1.137	-1.536e-5
1.136	-1.531e-5
1.135	-1.525e-5
1.134	-1.520e-5
1.133	-1.515e-5
1.132	-1.509e-5
1.131	-1.505e-5
1.130	-1.500e-5
1.129	-1.494e-5
1.128	-1.490e-5
1.127	-1.485e-5
1.126	-1.481e-5
1.125	-1.476e-5
1.124	-1.471e-5
1.123	-1.468e-5
1.122	-1.463e-5
1.121	-1.459e-5
1.120	-1.455e-5
1.119	-1.450e-5
1.118	-1.447e-5
1.117	-1.443e-5
1.116	-1.439e-5
1.115	-1.436e-5
1.114	-1.431e-5
1.113	-1.428e-5
1.112	-1.424e-5
1.111	-1.420e-5
1.110	-1.417e-5
1.109	-1.413e-5
1.108	-1.410e-5
1.107	-1.407e-5
1.106	-1.403e-5
1.105	-1.400e-5
1.104	-1.397e-5
1.103	-1.394e-5
1.102	-1.391e-5
1.101	-1.387e-5
1.100	-1.384e-5
1.099	-1.381e-5
1.098	-1.378e-5
1.097	-1.375e-5
1.096	-1.373e-5
1.095	-1.369e-5
1.094	-1.367e-5
1.093	-1.364e-5
1.092	-1.361e-5
1.091	-1.359e-5
1.090	-1.356e-5
1.089	-1.353e-5
1.088	-1.351e-5
1.087	-1.348e-5
1.086	-1.346e-5
1.085	-1.344e-5
1.084	-1.340e-5
1.083	-1.339e-5
1.082	-1.336e-5
1.081	-1.334e-5
1.080	-1.331e-5
1.079	-1.328e-5
1.078	-1.327e-5
1.077	-1.324e-5
1.076	-1.322e-5
1.075	-1.320e-5
1.074	-1.317e-5
1.073	-1.315e-5
1.072	-1.313e-5
1.071	-1.310e-5
1.070	-1.309e-5
1.069	-1.306e-5
1.068	-1.304e-5
1.067	-1.302e-5
1.066	-1.300e-5
1.065	-1.298e-5
1.064	-1.296e-5
1.063	-1.294e-5
1.062	-1.292e-5
1.061	-1.290e-5
1.060	-1.288e-5
1.059	-1.286e-5
1.058	-1.284e-5
1.057	-1.281e-5
1.056	-1.279e-5
1.055	-1.278e-5
1.054	-1.276e-5
1.053	-1.274e-5
1.052	-1.272e-5
1.051	-1.271e-5
1.050	-1.269e-5
1.049	-1.266e-5
1.048	-1.265e-5
1.047	-1.263e-5
1.046	-1.262e-5
1.045	-1.260e-5
1.044	-1.257e-5
1.043	-1.257e-5
1.042	-1.255e-5
1.041	-1.253e-5
1.040	-1.252e-5
1.039	-1.249e-5
1.038	-1.248e-5
1.037	-1.246e-5
1.036	-1.244e-5
1.035	-1.243e-5
1.034	-1.241e-5
1.033	-1.240e-5
1.032	-1.238e-5
1.031	-1.236e-5
1.030	-1.235e-5
1.029	-1.233e-5
1.028	-1.232e-5
1.027	-1.230e-5
1.026	-1.228e-5
1.025	-1.227e-5
1.024	-1.224e-5
1.023	-1.223e-5
1.022	-1.222e-5
1.021	-1.220e-5
1.020	-1.219e-5
1.019	-1.217e-5
1.018	-1.216e-5
1.017	-1.214e-5
1.016	-1.213e-5
1.015	-1.211e-5
1.014	-1.210e-5
1.013	-1.209e-5
1.012	-1.207e-5
1.011	-1.206e-5
1.010	-1.204e-5
1.009	-1.202e-5
1.008	-1.202e-5
1.007	-1.200e-5
1.006	-1.199e-5
1.005	-1.197e-5
1.004	-1.195e-5
1.003	-1.195e-5
1.002	-1.193e-5
1.001	-1.192e-5
1.000	-1.191e-5
0.999	-1.188e-5
0.998	-1.188e-5
0.997	-1.186e-5
0.996	-1.184e-5
0.995	-1.184e-5
0.994	-1.182e-5
0.993	-1.180e-5
0.992	-1.179e-5
0.991	-1.178e-5
0.990	-1.177e-5
0.989	-1.175e-5
0.988	-1.174e-5
0.987	-1.173e-5
0.986	-1.172e-5
0.985	-1.171e-5
0.984	-1.169e-5
0.983	-1.168e-5
0.982	-1.167e-5
0.981	-1.166e-5
0.980	-1.164e-5
0.979	-1.163e-5
0.978	-1.162e-5
0.977	-1.160e-5
0.976	-1.159e-5
0.975	-1.158e-5
0.974	-1.157e-5
0.973	-1.156e-5
0.972	-1.154e-5
0.971	-1.153e-5
0.970	-1.152e-5
0.969	-1.150e-5
0.968	-1.150e-5
0.967	-1.148e-5
0.966	-1.147e-5
0.965	-1.146e-5
0.964	-1.144e-5
0.963	-1.144e-5
0.962	-1.143e-5
0.961	-1.141e-5
0.960	-1.140e-5
0.959	-1.138e-5
0.958	-1.138e-5
0.957	-1.136e-5
0.956	-1.135e-5
0.955	-1.134e-5
0.954	-1.133e-5
0.953	-1.132e-5
0.952	-1.131e-5
0.951	-1.129e-5
0.950	-1.129e-5
0.949	-1.127e-5
0.948	-1.127e-5
0.947	-1.125e-5
0.946	-1.124e-5
0.945	-1.123e-5
0.944	-1.121e-5
0.943	-1.121e-5
0.942	-1.120e-5
0.941	-1.119e-5
0.940	-1.117e-5
0.939	-1.116e-5
0.938	-1.115e-5
0.937	-1.114e-5
0.936	-1.113e-5
0.935	-1.112e-5
0.934	-1.110e-5
0.933	-1.110e-5
0.932	-1.108e-5
0.931	-1.108e-5
0.930	-1.106e-5
0.929	-1.105e-5
0.928	-1.104e-5
0.927	-1.103e-5
0.926	-1.102e-5
0.925	-1.101e-5
0.924	-1.099e-5
0.923	-1.100e-5
0.922	-1.097e-5
0.921	-1.097e-5
0.920	-1.096e-5
0.919	-1.094e-5
0.918	-1.094e-5
0.917	-1.093e-5
0.916	-1.091e-5
0.915	-1.091e-5
0.914	-1.089e-5
0.913	-1.088e-5
0.912	-1.087e-5
0.911	-1.086e-5
0.910	-1.086e-5
0.909	-1.083e-5
0.908	-1.083e-5
0.907	-1.082e-5
0.906	-1.081e-5
0.905	-1.081e-5
0.904	-1.079e-5
0.903	-1.078e-5
0.902	-1.077e-5
0.901	-1.076e-5
0.900	-1.075e-5
0.899	-1.074e-5
0.898	-1.073e-5
0.897	-1.072e-5
0.896	-1.071e-5
0.895	-1.070e-5
0.894	-1.069e-5
0.893	-1.068e-5
0.892	-1.067e-5
0.891	-1.066e-5
0.890	-1.065e-5
0.889	-1.064e-5
0.888	-1.063e-5
0.887	-1.062e-5
0.886	-1.061e-5
0.885	-1.060e-5
0.884	-1.058e-5
0.883	-1.058e-5
0.882	-1.057e-5
0.881	-1.056e-5
0.880	-1.056e-5
0.879	-1.053e-5
0.878	-1.054e-5
0.877	-1.053e-5
0.876	-1.051e-5
0.875	-1.051e-5
0.874	-1.049e-5
0.873	-1.049e-5
0.872	-1.047e-5
0.871	-1.046e-5
0.870	-1.045e-5
0.869	-1.044e-5
0.868	-1.043e-5
0.867	-1.043e-5
0.866	-1.041e-5
0.865	-1.041e-5
0.864	-1.039e-5
0.863	-1.039e-5
0.862	-1.038e-5
0.861	-1.037e-5
0.860	-1.036e-5
0.859	-1.035e-5
0.858	-1.034e-5
0.857	-1.033e-5
0.856	-1.032e-5
0.855	-1.031e-5
0.854	-1.030e-5
0.853	-1.030e-5
0.852	-1.028e-5
0.851	-1.027e-5
0.850	-1.026e-5
0.849	-1.025e-5
0.848	-1.025e-5
0.847	-1.023e-5
0.846	-1.023e-5
0.845	-1.022e-5
0.844	-1.020e-5
0.843	-1.021e-5
0.842	-1.018e-5
0.841	-1.018e-5
0.840	-1.017e-5
0.839	-1.016e-5
0.838	-1.015e-5
0.837	-1.015e-5
0.836	-1.013e-5
0.835	-1.013e-5
0.834	-1.011e-5
0.833	-1.011e-5
0.832	-1.010e-5
0.831	-1.008e-5
0.830	-1.008e-5
0.829	-1.007e-5
0.828	-1.006e-5
0.827	-1.006e-5
0.826	-1.004e-5
0.825	-1.004e-5
0.824	-1.003e-5
0.823	-1.002e-5
0.822	-1.001e-5
0.821	-9.995e-6
0.820	-9.990e-6
0.819	-9.951e-6
0.818	-9.963e-6
0.817	-9.966e-6
0.816	-9.948e-6
0.815	-9.939e-6
0.814	-9.933e-6
0.813	-9.929e-6
0.812	-9.911e-6
0.811	-9.907e-6
0.810	-9.901e-6
0.809	-9.884e-6
0.808	-9.890e-6
0.807	-9.864e-6
0.806	-9.858e-6
0.805	-9.856e-6
0.804	-9.834e-6
0.803	-9.836e-6
0.802	-9.822e-6
0.801	-9.811e-6
0.800	-9.814e-6
0.799	-9.791e-6
0.798	-9.794e-6
0.797	-9.781e-6
0.796	-9.771e-6
0.795	-9.766e-6
0.794	-9.744e-6
0.793	-9.745e-6
0.792	-9.735e-6
0.791	-9.723e-6
0.790	-9.718e-6
0.789	-9.705e-6
0.788	-9.699e-6
0.787	-9.694e-6
0.786	-9.677e-6
0.785	-9.675e-6
0.784	-9.662e-6
0.783	-9.655e-6
0.782	-9.650e-6
0.781	-9.634e-6
0.780	-9.626e-6
0.779	-9.614e-6
0.778	-9.607e-6
0.777	-9.600e-6
0.776	-9.591e-6
0.775	-9.579e-6
0.774	-9.570e-6
0.773	-9.567e-6
0.772	-9.559e-6
0.771	-9.547e-6
0.770	-9.538e-6
0.769	-9.523e-6
0.768	-9.517e-6
0.767	-9.504e-6
0.766	-9.501e-6
0.765	-9.500e-6
0.764	-9.479e-6
0.763	-9.478e-6
0.762	-9.461e-6
0.761	-9.454e-6
0.760	-9.452e-6
0.759	-9.433e-6
0.758	-9.433e-6
0.757	-9.421e-6
0.756	-9.410e-6
0.755	-9.408e-6
0.754	-9.388e-6
0.753	-9.388e-6
0.752	-9.376e-6
0.751	-9.359e-6
0.750	-9.361e-6
0.749	-9.342e-6
0.748	-9.337e-6
0.747	-9.330e-6
0.746	-9.316e-6
0.745	-9.312e-6
0.744	-9.298e-6
0.743	-9.292e-6
0.742	-9.284e-6
0.741	-9.274e-6
0.740	-9.263e-6
0.739	-9.255e-6
0.738	-9.248e-6
0.737	-9.237e-6
0.736	-9.228e-6
0.735	-9.215e-6
0.734	-9.209e-6
0.733	-9.201e-6
0.732	-9.187e-6
0.731	-9.181e-6
0.730	-9.170e-6
0.729	-9.157e-6
0.728	-9.158e-6
0.727	-9.139e-6
0.726	-9.135e-6
0.725	-9.126e-6
0.724	-9.106e-6
0.723	-9.111e-6
0.722	-9.095e-6
0.721	-9.084e-6
0.720	-9.076e-6
0.719	-9.059e-6
0.718	-9.062e-6
0.717	-9.046e-6
0.716	-9.032e-6
0.715	-9.031e-6
0.714	-9.014e-6
0.713	-9.012e-6
0.712	-9.001e-6
0.711	-8.985e-6
0.710	-8.984e-6
0.709	-8.968e-6
0.708	-8.962e-6
0.707	-8.954e-6
0.706	-8.939e-6
0.705	-8.929e-6
0.704	-8.920e-6
0.703	-8.911e-6
0.702	-8.905e-6
0.701	-8.887e-6
0.700	-8.875e-6
0.699	-8.870e-6
0.698	-8.861e-6
0.697	-8.850e-6
0.696	-8.843e-6
0.695	-8.831e-6
0.694	-8.819e-6
0.693	-8.813e-6
0.692	-8.802e-6
0.691	-8.793e-6
0.690	-8.782e-6
0.689	-8.769e-6
0.688	-8.768e-6
0.687	-8.751e-6
0.686	-8.747e-6
0.685	-8.735e-6
0.684	-8.720e-6
0.683	-8.719e-6
0.682	-8.701e-6
0.681	-8.690e-6
0.680	-8.688e-6
0.679	-8.666e-6
0.678	-8.668e-6
0.677	-8.653e-6
0.676	-8.641e-6
0.675	-8.638e-6
0.674	-8.617e-6
0.673	-8.616e-6
0.672	-8.605e-6
0.671	-8.589e-6
0.670	-8.587e-6
0.669	-8.569e-6
0.668	-8.561e-6
0.667	-8.553e-6
0.666	-8.533e-6
0.665	-8.527e-6
0.664	-8.513e-6
0.663	-8.506e-6
0.662	-8.500e-6
0.661	-8.485e-6
0.660	-8.474e-6
0.659	-8.465e-6
0.658	-8.455e-6
0.657	-8.443e-6
0.656	-8.434e-6
0.655	-8.419e-6
0.654	-8.408e-6
0.653	-8.401e-6
0.652	-8.385e-6
0.651	-8.381e-6
0.650	-8.367e-6
0.649	-8.354e-6
0.648	-8.350e-6
0.647	-8.334e-6
0.646	-8.327e-6
0.645	-8.316e-6
0.644	-8.299e-6
0.643	-8.297e-6
0.642	-8.280e-6
0.641	-8.269e-6
0.640	-8.263e-6
0.639	-8.240e-6
0.638	-8.242e-6
0.637	-8.226e-6
0.636	-8.211e-6
0.635	-8.206e-6
0.634	-8.186e-6
0.633	-8.184e-6
0.632	-8.170e-6
0.631	-8.151e-6
0.630	-8.152e-6
0.629	-8.131e-6
0.628	-8.125e-6
0.627	-8.113e-6
0.626	-8.095e-6
0.625	-8.091e-6
0.624	-8.076e-6
0.623	-8.064e-6
0.622	-8.057e-6
0.621	-8.043e-6
0.620	-8.031e-6
0.619	-8.017e-6
0.618	-8.008e-6
0.617	-7.995e-6
0.616	-7.983e-6
0.615	-7.966e-6
0.614	-7.944e-6
0.613	-7.944e-6
0.612	-7.922e-6
0.611	-7.923e-6
0.610	-7.906e-6
0.609	-7.890e-6
0.608	-7.888e-6
0.607	-7.867e-6
0.606	-7.854e-6
0.605	-7.845e-6
0.604	-7.822e-6
0.603	-7.823e-6
0.602	-7.804e-6
0.601	-7.788e-6
0.600	-7.779e-6
0.599	-7.757e-6
0.598	-7.752e-6
0.597	-7.737e-6
0.596	-7.721e-6
0.595	-7.713e-6
0.594	-7.692e-6
0.593	-7.685e-6
0.592	-7.669e-6
0.591	-7.647e-6
0.590	-7.643e-6
0.589	-7.620e-6
0.588	-7.610e-6
0.587	-7.598e-6
0.586	-7.576e-6
0.585	-7.564e-6
0.584	-7.544e-6
0.583	-7.527e-6
0.582	-7.515e-6
0.581	-7.494e-6
0.580	-7.479e-6
0.579	-7.460e-6
0.578	-7.447e-6
0.577	-7.428e-6
0.576	-7.413e-6
0.575	-7.394e-6
0.574	-7.379e-6
0.573	-7.368e-6
0.572	-7.348e-6
0.571	-7.334e-6
0.570	-7.319e-6
0.569	-7.298e-6
0.568	-7.291e-6
0.567	-7.270e-6
0.566	-7.254e-6
0.565	-7.237e-6
0.564	-7.213e-6
0.563	-7.205e-6
0.562	-7.185e-6
0.561	-7.167e-6
0.560	-7.156e-6
0.559	-7.128e-6
0.558	-7.125e-6
0.557	-7.101e-6
0.556	-7.081e-6
0.555	-7.073e-6
0.554	-7.046e-6
0.553	-7.036e-6
0.552	-7.016e-6
0.551	-6.993e-6
0.550	-6.984e-6
0.549	-6.958e-6
0.548	-6.946e-6
0.547	-6.931e-6
0.546	-6.904e-6
0.545	-6.894e-6
0.544	-6.870e-6
0.543	-6.850e-6
0.542	-6.837e-6
0.541	-6.813e-6
0.540	-6.792e-6
0.539	-6.770e-6
0.538	-6.750e-6
0.537	-6.731e-6
0.536	-6.708e-6
0.535	-6.684e-6
0.534	-6.662e-6
0.533	-6.644e-6
0.532	-6.614e-6
0.531	-6.594e-6
0.530	-6.568e-6
0.529	-6.537e-6
0.528	-6.519e-6
0.527	-6.480e-6
0.526	-6.458e-6
0.525	-6.427e-6
0.524	-6.385e-6
0.523	-6.367e-6
0.522	-6.329e-6
0.521	-6.293e-6
0.520	-6.260e-6
0.519	-6.214e-6
0.518	-6.187e-6
0.517	-6.141e-6
0.516	-6.091e-6
0.515	-6.056e-6
0.514	-5.999e-6
0.513	-5.963e-6
0.512	-5.906e-6
0.511	-5.848e-6
0.510	-5.801e-6
0.509	-5.735e-6
0.508	-5.676e-6
0.507	-5.617e-6
0.506	-5.546e-6
0.505	-5.479e-6
0.504	-5.397e-6
0.503	-5.322e-6
0.502	-5.241e-6
0.501	-5.150e-6
0.500	-5.057e-6
0.499	-4.953e-6
0.498	-4.855e-6
0.497	-4.745e-6
0.496	-4.633e-6
0.495	-4.506e-6
0.494	-4.377e-6
0.493	-4.250e-6
0.492	-4.095e-6
0.491	-3.952e-6
0.490	-3.792e-6
0.489	-3.620e-6
0.488	-3.464e-6
0.487	-3.252e-6
0.486	-3.063e-6
0.485	-2.847e-6
0.484	-2.612e-6
0.483	-2.390e-6
0.482	-2.119e-6
0.481	-1.853e-6
0.480	-1.589e-6
0.479	-1.264e-6
0.478	-9.748e-7
0.477	-6.237e-7
0.476	-2.621e-7
0.475	1.056e-7
0.474	5.410e-7
0.473	9.321e-7
0.472	1.389e-6
0.471	1.865e-6
0.470	2.332e-6
0.469	2.879e-6
0.468	3.411e-6
0.467	3.986e-6
0.466	4.613e-6
0.465	5.237e-6
0.464	5.928e-6
0.463	6.636e-6
0.462	7.370e-6
0.461	8.174e-6
0.460	9.022e-6
0.459	9.866e-6
0.458	1.075e-5
0.457	1.170e-5
0.456	1.264e-5
0.455	1.368e-5
0.454	1.472e-5
0.453	1.583e-5
0.452	1.702e-5
0.451	1.817e-5
0.450	1.943e-5
0.449	2.070e-5
0.448	2.199e-5
0.447	2.339e-5
0.446	2.475e-5
0.445	2.622e-5
0.444	2.767e-5
0.443	2.914e-5
0.442	3.072e-5
0.441	3.224e-5
0.440	3.384e-5
0.439	3.550e-5
0.438	3.709e-5
0.437	3.879e-5
0.436	4.044e-5
0.435	4.211e-5
0.434	4.381e-5
0.433	4.543e-5
0.432	4.716e-5
0.431	4.883e-5
0.430	5.044e-5
0.429	5.211e-5
0.428	5.370e-5
0.427	5.530e-5
0.426	5.687e-5
0.425	5.837e-5
0.424	5.986e-5
0.423	6.128e-5
0.422	6.264e-5
0.421	6.398e-5
0.420	6.524e-5
0.419	6.643e-5
0.418	6.756e-5
0.417	6.863e-5
0.416	6.963e-5
0.415	7.056e-5
0.414	7.142e-5
0.413	7.220e-5
0.412	7.293e-5
0.411	7.356e-5
0.410	7.415e-5
0.409	7.465e-5
0.408	7.498e-5
0.407	7.529e-5
0.406	7.547e-5
0.405	7.568e-5
0.404	7.577e-5
0.403	7.575e-5
0.402	7.572e-5
0.401	7.556e-5
0.400	7.542e-5
0.399	7.525e-5
0.398	7.495e-5
0.397	7.464e-5
0.396	7.428e-5
0.395	7.385e-5
0.394	7.339e-5
0.393	7.290e-5
0.392	7.239e-5
0.391	7.184e-5
0.390	7.122e-5
0.389	7.062e-5
0.388	6.999e-5
0.387	6.935e-5
0.386	6.872e-5
0.385	6.804e-5
0.384	6.738e-5
0.383	6.669e-5
0.382	6.600e-5
0.381	6.531e-5
0.380	6.463e-5
0.379	6.393e-5
0.378	6.323e-5
0.377	6.255e-5
0.376	6.186e-5
0.375	6.119e-5
0.374	6.052e-5
0.373	5.986e-5
0.372	5.923e-5
0.371	5.859e-5
0.370	5.796e-5
0.369	5.734e-5
0.368	5.672e-5
0.367	5.613e-5
0.366	5.553e-5
0.365	5.493e-5
0.364	5.437e-5
0.363	5.380e-5
0.362	5.328e-5
0.361	5.273e-5
0.360	5.220e-5
0.359	5.171e-5
0.358	5.119e-5
0.357	5.071e-5
0.356	5.023e-5
0.355	4.975e-5
0.354	4.931e-5
0.353	4.885e-5
0.352	4.842e-5
0.351	4.799e-5
0.350	4.756e-5
0.349	4.715e-5
0.348	4.674e-5
0.347	4.635e-5
0.346	4.598e-5
0.345	4.560e-5
0.344	4.524e-5
0.343	4.489e-5
0.342	4.453e-5
0.341	4.420e-5
0.340	4.386e-5
0.339	4.355e-5
0.338	4.324e-5
0.337	4.293e-5
0.336	4.262e-5
0.335	4.233e-5
0.334	4.204e-5
0.333	4.174e-5
0.332	4.147e-5
0.331	4.119e-5
0.330	4.093e-5
0.329	4.067e-5
0.328	4.040e-5
0.327	4.016e-5
0.326	3.990e-5
0.325	3.964e-5
0.324	3.941e-5
0.323	3.916e-5
0.322	3.894e-5
0.321	3.872e-5
0.320	3.849e-5
0.319	3.829e-5
0.318	3.806e-5
0.317	3.786e-5
0.316	3.766e-5
0.315	3.745e-5
0.314	3.726e-5
0.313	3.706e-5
0.312	3.686e-5
0.311	3.668e-5
0.310	3.649e-5
0.309	3.632e-5
0.308	3.614e-5
0.307	3.596e-5
0.306	3.579e-5
0.305	3.561e-5
0.304	3.545e-5
0.303	3.528e-5
0.302	3.511e-5
0.301	3.496e-5
0.300	3.480e-5
0.299	3.464e-5
0.298	3.449e-5
0.297	3.434e-5
0.296	3.418e-5
0.295	3.404e-5
0.294	3.390e-5
0.293	3.375e-5
0.292	3.362e-5
0.291	3.348e-5
0.290	3.334e-5
0.289	3.321e-5
0.288	3.307e-5
0.287	3.294e-5
0.286	3.281e-5
0.285	3.268e-5
0.284	3.256e-5
0.283	3.243e-5
0.282	3.231e-5
0.281	3.219e-5
0.280	3.206e-5
0.279	3.196e-5
0.278	3.182e-5
0.277	3.170e-5
0.276	3.159e-5
0.275	3.146e-5
0.274	3.137e-5
0.273	3.124e-5
0.272	3.114e-5
0.271	3.103e-5
0.270	3.092e-5
0.269	3.082e-5
0.268	3.072e-5
0.267	3.061e-5
0.266	3.051e-5
0.265	3.041e-5
0.264	3.031e-5
0.263	3.021e-5
0.262	3.011e-5
0.261	3.002e-5
0.260	2.992e-5
0.259	2.983e-5
0.258	2.973e-5
0.257	2.964e-5
0.256	2.955e-5
0.255	2.946e-5
0.254	2.937e-5
0.253	2.928e-5
0.252	2.920e-5
0.251	2.910e-5
0.250	2.901e-5
0.249	2.893e-5
0.248	2.884e-5
0.247	2.877e-5
0.246	2.867e-5
0.245	2.859e-5
0.244	2.852e-5
0.243	2.842e-5
0.242	2.835e-5
0.241	2.827e-5
0.240	2.818e-5
0.239	2.812e-5
0.238	2.803e-5
0.237	2.795e-5
0.236	2.789e-5
0.235	2.780e-5
0.234	2.775e-5
0.233	2.767e-5
0.232	2.760e-5
0.231	2.753e-5
0.230	2.744e-5
0.229	2.738e-5
0.228	2.731e-5
0.227	2.723e-5
0.226	2.717e-5
0.225	2.709e-5
0.224	2.703e-5
0.223	2.696e-5
0.222	2.689e-5
0.221	2.682e-5
0.220	2.676e-5
0.219	2.668e-5
0.218	2.662e-5
0.217	2.656e-5
0.216	2.650e-5
0.215	2.643e-5
0.214	2.636e-5
0.213	2.630e-5
0.212	2.624e-5
0.211	2.617e-5
0.210	2.611e-5
0.209	2.605e-5
0.208	2.598e-5
0.207	2.593e-5
0.206	2.587e-5
0.205	2.582e-5
0.204	2.577e-5
0.203	2.570e-5
0.202	2.564e-5
0.201	2.558e-5
0.200	2.552e-5
0.199	2.547e-5
0.198	2.540e-5
0.197	2.535e-5
0.196	2.530e-5
0.195	2.523e-5
0.194	2.519e-5
0.193	2.512e-5
0.192	2.507e-5
0.191	2.502e-5
0.190	2.496e-5
0.189	2.492e-5
0.188	2.486e-5
0.187	2.480e-5
0.186	2.476e-5
0.185	2.470e-5
0.184	2.465e-5
0.183	2.460e-5
0.182	2.455e-5
0.181	2.450e-5
0.180	2.445e-5
0.179	2.440e-5
0.178	2.435e-5
0.177	2.430e-5
0.176	2.425e-5
0.175	2.421e-5
0.174	2.415e-5
0.173	2.411e-5
0.172	2.406e-5
0.171	2.401e-5
0.170	2.396e-5
0.169	2.391e-5
0.168	2.385e-5
0.167	2.382e-5
0.166	2.377e-5
0.165	2.372e-5
0.164	2.368e-5
0.163	2.363e-5
0.162	2.359e-5
0.161	2.355e-5
0.160	2.350e-5
0.159	2.347e-5
0.158	2.341e-5
0.157	2.337e-5
0.156	2.334e-5
0.155	2.329e-5
0.154	2.325e-5
0.153	2.321e-5
0.152	2.317e-5
0.151	2.313e-5
0.150	2.308e-5
0.149	2.305e-5
0.148	2.301e-5
0.147	2.296e-5
0.146	2.293e-5
0.145	2.289e-5
0.144	2.285e-5
0.143	2.281e-5
0.142	2.277e-5
0.141	2.274e-5
0.140	2.270e-5
0.139	2.267e-5
0.138	2.263e-5
0.137	2.259e-5
0.136	2.256e-5
0.135	2.252e-5
0.134	2.248e-5
0.133	2.244e-5
0.132	2.241e-5
0.131	2.238e-5
0.130	2.235e-5
0.129	2.231e-5
0.128	2.227e-5
0.127	2.224e-5
0.126	2.220e-5
0.125	2.217e-5
0.124	2.215e-5
0.123	2.210e-5
0.122	2.207e-5
0.121	2.204e-5
0.120	2.200e-5
0.119	2.198e-5
0.118	2.194e-5
0.117	2.192e-5
0.116	2.189e-5
0.115	2.185e-5
0.114	2.183e-5
0.113	2.179e-5
0.112	2.176e-5
0.111	2.173e-5
0.110	2.170e-5
0.109	2.168e-5
0.108	2.164e-5
0.107	2.161e-5
0.106	2.159e-5
0.105	2.156e-5
0.104	2.153e-5
0.103	2.151e-5
0.102	2.148e-5
0.101	2.146e-5
0.100	2.144e-5
0.099	2.141e-5
0.098	2.138e-5
0.097	2.136e-5
0.096	2.133e-5
0.095	2.130e-5
0.094	2.127e-5
0.093	2.124e-5
0.092	2.122e-5
0.091	2.119e-5
0.090	2.117e-5
0.089	2.115e-5
0.088	2.111e-5
0.087	2.109e-5
0.086	2.107e-5
0.085	2.104e-5
0.084	2.102e-5
0.083	2.099e-5
0.082	2.097e-5
0.081	2.095e-5
0.080	2.092e-5
0.079	2.091e-5
0.078	2.087e-5
0.077	2.086e-5
0.076	2.084e-5
0.075	2.080e-5
0.074	2.079e-5
0.073	2.076e-5
0.072	2.074e-5
0.071	2.073e-5
0.070	2.069e-5
0.069	2.068e-5
0.068	2.066e-5
0.067	2.063e-5
0.066	2.062e-5
0.065	2.059e-5
0.064	2.058e-5
0.063	2.055e-5
0.062	2.052e-5
0.061	2.051e-5
0.060	2.049e-5
0.059	2.047e-5
0.058	2.045e-5
0.057	2.043e-5
0.056	2.041e-5
0.055	2.039e-5
0.054	2.037e-5
0.053	2.035e-5
0.052	2.033e-5
0.051	2.031e-5
0.050	2.029e-5
0.049	2.027e-5
0.048	2.025e-5
0.047	2.023e-5
0.046	2.021e-5
0.045	2.019e-5
0.044	2.018e-5
0.043	2.015e-5
0.042	2.014e-5
0.041	2.012e-5
0.040	2.010e-5
0.039	2.009e-5
0.038	2.006e-5
0.037	2.005e-5
0.036	2.003e-5
0.035	2.001e-5
0.034	2.000e-5
0.033	1.998e-5
0.032	1.996e-5
0.031	1.995e-5
0.030	1.992e-5
0.029	1.992e-5
0.028	1.990e-5
0.027	1.988e-5
0.026	1.987e-5
0.025	1.985e-5
0.024	1.984e-5
0.023	1.982e-5
0.022	1.980e-5
0.021	1.979e-5
0.020	1.978e-5
0.019	1.976e-5
0.018	1.975e-5
0.017	1.974e-5
0.016	1.973e-5
0.015	1.971e-5
0.014	1.970e-5
0.013	1.968e-5
0.012	1.967e-5
0.011	1.965e-5
0.010	1.964e-5
0.009	1.963e-5
0.008	1.961e-5
0.007	1.960e-5
0.006	1.959e-5
0.005	1.957e-5
0.004	1.957e-5
0.003	1.955e-5
0.002	1.954e-5
0.001	1.953e-5
